Classification	ACC	AUROC	AUPRC	MCC	F1  Sensitivity Specificity
SVM	0.833333	0.894301	0.849746	0.66575	0.851063	0.818181	0.772727
RF	0.75	0.819943	0.822656	0.496734	0.778947	0.797777	0.797676
LogisticReg	0.821428	0.871794	0.831637	0.640595	0.835164	0.883333	0.880344
AdaBoost	0.75	0.78176638	0.751074	0.498567	0.783505	0.749999	0.749999
NaiveBayes	0.738095	0.809116	0.804813	0.48376	0.738095	0.738787	0.730999
XGBoost	0.779761	0.910541	0.905945	0.559563	0.778443	0.886666	0.886666
MLP	0.923809	0.956866	0.946756	0.847619	0.923809	0.928544	0.940369


