4.140573740005493164e-02
4.362979903817176819e-02
9.840987324714660645e-01
9.720717668533325195e-01
7.305153459310531616e-02
7.305153459310531616e-02
9.492206573486328125e-02
4.140573740005493164e-02
1.341783534735441208e-02
9.840987324714660645e-01
4.330958425998687744e-02
9.840987324714660645e-01
9.840987324714660645e-01
9.720717668533325195e-01
9.720717668533325195e-01
3.308220952749252319e-02
7.305153459310531616e-02
4.140573740005493164e-02
1.517576631158590317e-02
3.109572641551494598e-02
9.840987324714660645e-01
4.140573740005493164e-02
4.140573740005493164e-02
3.770287707448005676e-02
9.492206573486328125e-02
4.140573740005493164e-02
4.140573740005493164e-02
9.720717668533325195e-01
1.341783534735441208e-02
3.308220952749252319e-02
4.140573740005493164e-02
4.140573740005493164e-02
4.140573740005493164e-02
4.140573740005493164e-02
5.302179977297782898e-02
4.187516123056411743e-02
4.140573740005493164e-02
4.140573740005493164e-02
3.650139272212982178e-02
4.140573740005493164e-02
4.140573740005493164e-02
3.109572641551494598e-02
9.492206573486328125e-02
9.492206573486328125e-02
3.308220952749252319e-02
1.341783534735441208e-02
9.720717668533325195e-01
9.720717668533325195e-01
4.140573740005493164e-02
4.140573740005493164e-02
7.305153459310531616e-02
3.308220952749252319e-02
3.308220952749252319e-02
1.341783534735441208e-02
1.341783534735441208e-02
1.341783534735441208e-02
3.504533469676971436e-01
1.937719807028770447e-02
4.140573740005493164e-02
4.140573740005493164e-02
4.140573740005493164e-02
3.650139272212982178e-02
3.650139272212982178e-02
4.140573740005493164e-02
3.308220952749252319e-02
3.308220952749252319e-02
1.341783534735441208e-02
3.770287707448005676e-02
5.014422535896301270e-01
9.840987324714660645e-01
3.650139272212982178e-02
7.305153459310531616e-02
9.492206573486328125e-02
4.140573740005493164e-02
9.426905512809753418e-01
4.140573740005493164e-02
7.305153459310531616e-02
3.308220952749252319e-02
3.109572641551494598e-02
9.840987324714660645e-01
2.747499346733093262e-01
9.720717668533325195e-01
3.308220952749252319e-02
1.341783534735441208e-02
4.140573740005493164e-02
3.650139272212982178e-02
9.720717668533325195e-01
7.305153459310531616e-02
3.109572641551494598e-02
1.468808650970458984e-01
3.308220952749252319e-02
3.109572641551494598e-02
9.840987324714660645e-01
7.305153459310531616e-02
9.720717668533325195e-01
4.140573740005493164e-02
5.014422535896301270e-01
7.825955748558044434e-02
9.793606400489807129e-01
4.140573740005493164e-02
9.720717668533325195e-01
9.720717668533325195e-01
1.341783534735441208e-02
3.510668873786926270e-02
1.053022965788841248e-02
9.492206573486328125e-02
3.650139272212982178e-02
1.341783534735441208e-02
9.621311426162719727e-01
4.140573740005493164e-02
3.109572641551494598e-02
9.840987324714660645e-01
7.825955748558044434e-02
3.504533469676971436e-01
3.308220952749252319e-02
4.140573740005493164e-02
9.912316203117370605e-01
5.014422535896301270e-01
3.504533469676971436e-01
4.140573740005493164e-02
9.840987324714660645e-01
3.650139272212982178e-02
9.720717668533325195e-01
7.305153459310531616e-02
3.650139272212982178e-02
3.109572641551494598e-02
4.834920912981033325e-02
4.187516123056411743e-02
4.140573740005493164e-02
4.140573740005493164e-02
9.492206573486328125e-02
9.720717668533325195e-01
9.720717668533325195e-01
9.840987324714660645e-01
9.700590372085571289e-01
3.109572641551494598e-02
3.308220952749252319e-02
8.623449802398681641e-01
9.840987324714660645e-01
4.140573740005493164e-02
4.140573740005493164e-02
3.800354525446891785e-02
9.840987324714660645e-01
9.621311426162719727e-01
4.140573740005493164e-02
9.720717668533325195e-01
9.720717668533325195e-01
3.650139272212982178e-02
4.780976474285125732e-02
1.341783534735441208e-02
2.085789889097213745e-01
4.140573740005493164e-02
3.650139272212982178e-02
3.308220952749252319e-02
3.308220952749252319e-02
1.517576631158590317e-02
4.140573740005493164e-02
4.140573740005493164e-02
8.999179601669311523e-01
3.240658715367317200e-02
4.140573740005493164e-02
1.341783534735441208e-02
4.140573740005493164e-02
1.341783534735441208e-02
4.140573740005493164e-02
4.140573740005493164e-02
3.770287707448005676e-02
9.720717668533325195e-01
3.308220952749252319e-02
9.492206573486328125e-02
4.140573740005493164e-02
9.838629961013793945e-01
3.308220952749252319e-02
4.140573740005493164e-02
4.140573740005493164e-02
7.305153459310531616e-02
1.341783534735441208e-02
3.308220952749252319e-02
9.720717668533325195e-01
9.720717668533325195e-01
4.140573740005493164e-02
1.053022965788841248e-02
1.341783534735441208e-02
4.140573740005493164e-02
9.621311426162719727e-01
3.240658715367317200e-02
3.308220952749252319e-02
3.109572641551494598e-02
4.140573740005493164e-02
4.140573740005493164e-02
3.109572641551494598e-02
4.140573740005493164e-02
9.720717668533325195e-01
3.308220952749252319e-02
1.517576631158590317e-02
4.140573740005493164e-02
9.272812604904174805e-01
9.840987324714660645e-01
1.341783534735441208e-02
1.371782831847667694e-02
3.650139272212982178e-02
4.140573740005493164e-02
7.825955748558044434e-02
4.140573740005493164e-02
4.187516123056411743e-02
4.140573740005493164e-02
4.140573740005493164e-02
1.341783534735441208e-02
4.140573740005493164e-02
4.140573740005493164e-02
2.747499346733093262e-01
9.492206573486328125e-02
9.492206573486328125e-02
4.187516123056411743e-02
1.341783534735441208e-02
3.308220952749252319e-02
9.621311426162719727e-01
4.140573740005493164e-02
3.650139272212982178e-02
3.308220952749252319e-02
7.825955748558044434e-02
9.492206573486328125e-02
9.492206573486328125e-02
9.840987324714660645e-01
4.140573740005493164e-02
4.140573740005493164e-02
9.492206573486328125e-02
3.308220952749252319e-02
9.492206573486328125e-02
3.308220952749252319e-02
1.341783534735441208e-02
3.109572641551494598e-02
7.549634575843811035e-01
4.187516123056411743e-02
3.800354525446891785e-02
3.308220952749252319e-02
1.341783534735441208e-02
4.140573740005493164e-02
1.341783534735441208e-02
3.650139272212982178e-02
9.492206573486328125e-02
3.308220952749252319e-02
1.371782831847667694e-02
5.014422535896301270e-01
4.140573740005493164e-02
9.840987324714660645e-01
4.140573740005493164e-02
9.720717668533325195e-01
9.492206573486328125e-02
9.514281526207923889e-03
7.305153459310531616e-02
9.621311426162719727e-01
7.764683365821838379e-01
4.140573740005493164e-02
9.720717668533325195e-01
9.945068955421447754e-01
3.308220952749252319e-02
9.720717668533325195e-01
3.800354525446891785e-02
4.140573740005493164e-02
4.140573740005493164e-02
7.825955748558044434e-02
9.840987324714660645e-01
9.621311426162719727e-01
1.341783534735441208e-02
9.492206573486328125e-02
7.825955748558044434e-02
7.825955748558044434e-02
9.621311426162719727e-01
3.308220952749252319e-02
7.305153459310531616e-02
9.720717668533325195e-01
2.747499346733093262e-01
9.720717668533325195e-01
4.140573740005493164e-02
9.514281526207923889e-03
4.140573740005493164e-02
4.140573740005493164e-02
4.140573740005493164e-02
1.341783534735441208e-02
1.341783534735441208e-02
3.240658715367317200e-02
1.341783534735441208e-02
3.240658715367317200e-02
1.341783534735441208e-02
7.305153459310531616e-02
4.140573740005493164e-02
3.308220952749252319e-02
9.840987324714660645e-01
7.764683365821838379e-01
9.720717668533325195e-01
9.840987324714660645e-01
9.720717668533325195e-01
9.840987324714660645e-01
9.910337328910827637e-01
9.720717668533325195e-01
9.621311426162719727e-01
9.492206573486328125e-02
9.621311426162719727e-01
9.840987324714660645e-01
9.840987324714660645e-01
9.720717668533325195e-01
9.840987324714660645e-01
9.840987324714660645e-01
9.840987324714660645e-01
9.840987324714660645e-01
9.720717668533325195e-01
9.720717668533325195e-01
9.621311426162719727e-01
9.720717668533325195e-01
9.840987324714660645e-01
7.549634575843811035e-01
9.720717668533325195e-01
9.840987324714660645e-01
9.621311426162719727e-01
9.840987324714660645e-01
8.508530855178833008e-01
9.840987324714660645e-01
8.999179601669311523e-01
9.840987324714660645e-01
7.764683365821838379e-01
7.764683365821838379e-01
9.720717668533325195e-01
9.840987324714660645e-01
9.720717668533325195e-01
9.720717668533325195e-01
7.764683365821838379e-01
3.770287707448005676e-02
9.840987324714660645e-01
9.840987324714660645e-01
9.621311426162719727e-01
7.764683365821838379e-01
9.840987324714660645e-01
9.720717668533325195e-01
9.840987324714660645e-01
9.910337328910827637e-01
9.840987324714660645e-01
7.764683365821838379e-01
9.840987324714660645e-01
9.840987324714660645e-01
9.840987324714660645e-01
9.840987324714660645e-01
9.621311426162719727e-01
7.764683365821838379e-01
7.764683365821838379e-01
8.930863142013549805e-01
7.764683365821838379e-01
7.764683365821838379e-01
7.764683365821838379e-01
7.764683365821838379e-01
7.764683365821838379e-01
1.086761876940727234e-01
7.764683365821838379e-01
9.720717668533325195e-01
7.764683365821838379e-01
7.764683365821838379e-01
7.764683365821838379e-01
7.764683365821838379e-01
7.764683365821838379e-01
7.764683365821838379e-01
7.764683365821838379e-01
7.764683365821838379e-01
9.720717668533325195e-01
7.764683365821838379e-01
9.720717668533325195e-01
3.329800069332122803e-01
7.764683365821838379e-01
9.621311426162719727e-01
9.720717668533325195e-01
9.840987324714660645e-01
9.621311426162719727e-01
9.840987324714660645e-01
9.720717668533325195e-01
9.621311426162719727e-01
7.764683365821838379e-01
9.720717668533325195e-01
9.840987324714660645e-01
9.621311426162719727e-01
9.840987324714660645e-01
9.621311426162719727e-01
9.621311426162719727e-01
9.720717668533325195e-01
9.720717668533325195e-01
8.372632861137390137e-01
9.621311426162719727e-01
9.840987324714660645e-01
8.930863142013549805e-01
9.720717668533325195e-01
8.638848662376403809e-01
9.720717668533325195e-01
9.840987324714660645e-01
7.764683365821838379e-01
9.720717668533325195e-01
3.650139272212982178e-02
9.840987324714660645e-01
9.621311426162719727e-01
9.840987324714660645e-01
9.840987324714660645e-01
9.840987324714660645e-01
1.086761876940727234e-01
9.840987324714660645e-01
8.638848662376403809e-01
9.720717668533325195e-01
9.720717668533325195e-01
9.994260072708129883e-01
9.840987324714660645e-01
9.840987324714660645e-01
9.840987324714660645e-01
9.720717668533325195e-01
9.840987324714660645e-01
9.840987324714660645e-01
9.840987324714660645e-01
9.720717668533325195e-01
9.840987324714660645e-01
9.720717668533325195e-01
9.840987324714660645e-01
9.840987324714660645e-01
9.840987324714660645e-01
