1376
7119
7154
7173
2420
1598
7165
7130
1776
7160
7159
7158
7157
3141
7155
7156
7145
7143
7144
5800
7149
5801
7147
7153
7146
2867
4752
2368
7211
4579
7188
4033
7106
6453
2943
5077
7100
7191
5076
3482
491
3016
1765
6381
2903
3014
1577
1566
7099
7098
2068
7135
3973
3827
7087
1866
5889
6790
6062
3826
5364
2150
7104
4056
7112
5892
3459
3557
1697
6734
7128
7127
5129
7139
5888
3535
6440
3178
1557
5820
7184
1570
1573
1020
1017
2858
1563
1462
1562
2546
2
4654
2347
3248
5070
2800
7209
1561
4648
1386
6576
1930
1412
4790
1884
5882
4776
4800
6014
6021
1419
1864
1787
1862
2737
5883
1626
6048
5890
4697
1594
1589
4549
1728
1748
1580
1749
4604
1839
1840
6810
4021
6053
2313
3271
3269
2355
3194
6292
2397
6303
3168
3124
6327
3101
3047
3046
3034
2490
2492
2499
2509
5534
2944
2565
2873
2855
2830
6461
6503
2756
6480
6481
2323
2312
3829
2311
6077
3786
2048
6092
3620
3611
3610
7215
6116
6753
2090
3592
2106
3588
2116
3548
2153
2167
3479
3471
3470
6705
3463
3378
3348
3311
6244
2301
2302
1418
2733
5457
5323
5729
27
5322
7199
12
5661
7197
7195
7189
976
5160
7193
5515
978
7090
1379
5081
901
974
7203
7133
7175
7214
7118
910
7138
7210
7170
907
911
1030
906
7208
7206
7109
7204
7131
4797
2348
4683
6781
3285
6925
3992
2768
5305
2795
6838
6522
3948
6160
3402
3494
6712
3460
6204
3475
6199
3458
3467
2223
3544
6186
2221
6083
2138
5330
5255
4014
5634
1896
3947
5991
6000
3920
3882
2016
2017
2021
3810
6733
7092
2052
3357
7097
7101
3613
7102
3593
7113
912
6145
3554
6215
915
6231
7196
6357
2484
6585
6364
22
2493
6572
6375
6567
2504
18
2515
2951
6551
2551
3310
2864
2606
2857
2853
2835
2667
6509
6466
6507
2787
6472
7212
2747
6486
2482
7179
3051
3058
7140
7141
3283
3278
3274
2320
2321
2322
6853
5427
2324
5431
3243
3230
6634
7166
3212
34
3185
6619
33
7172
3125
7177
7178
3072
2464
2467
3061
5638
7216
1754
4653
1385
5034
5859
5796
1449
4819
4510
5852
1006
5214
4681
4791
1590
1012
1581
1016
1755
1759
5089
6921
6872
1702
4967
6911
1406
5113
5879
4045
4995
1740
5672
4026
297
3530
6791
4751
1712
2168
2364
4517
7111
5404
3612
977
553
3768
7108
1654
3444
1743
3398
3275
5641
1033
5304
3
1034
2957
2502
3013
6575
1357
2489
4910
2652
4489
7181
1885
6487
4959
1867
1
1253
5210
6040
1877
1659
2851
4904
7125
6520
4946
5945
2188
5092
5521
3974
1404
5873
6099
7185
3869
7088
3808
5051
5442
6273
6779
6272
4502
7025
5625
2529
4537
1414
5878
2863
2488
4585
2383
7168
1036
7116
2269
7
3208
3313
6063
1387
3782
1663
1421
5629
5782
6409
5789
7137
7205
5722
5242
6783
3803
6609
2998
7122
6775
3526
905
4451
7103
6785
5982
6039
3406
3455
5405
489
1565
4577
4057
4911
1468
1035
3550
6374
6502
3022
4732
4737
4724
4719
4746
4716
4735
4756
4736
3237
3919
5647
6015
2823
4806
4984
5934
6009
5026
4822
3924
4985
5552
6018
4788
3057
4491
6350
6353
5482
5033
4999
3038
6034
3028
2754
3883
3891
6024
3909
5238
5287
3929
3912
5548
3012
3008
5747
6430
6415
2884
4895
5543
4898
5998
5979
5997
4913
3934
5992
2824
2854
4901
3936
5265
6462
4907
5011
2806
5985
5954
4894
2894
4889
2896
4851
4867
2975
2962
6004
5216
2954
2953
6003
2786
4885
6397
6398
4492
6400
5785
5215
6402
5784
4926
4915
6002
5136
4762
3601
4520
6118
3606
6193
3446
5589
5001
3443
6201
6206
3616
4511
4605
3621
3622
3354
3350
5414
3335
4610
6095
3320
6236
6120
5681
6345
3594
5909
3580
3547
4550
3546
4561
4525
4567
3586
6163
5584
5900
3528
5899
3489
3485
6179
5123
4523
3590
5387
6124
4586
5380
5421
6090
6245
3214
6069
6068
6289
5706
5929
5562
5332
3180
4494
6302
3814
3169
5043
5911
3828
5481
5036
3102
3098
5035
4493
3069
3216
5447
3244
5697
4618
4628
3309
3301
3763
5857
4647
5572
3280
5376
3272
3245
6082
5354
5143
4690
5060
6076
3265
3251
5928
3796
3144
3011
6782
2473
2497
1559
2297
2491
2298
6666
6580
2022
2486
7078
940
1688
2121
944
6792
6664
6594
1698
2500
6564
1998
1750
1988
1746
6548
2141
6550
2532
2527
2295
6728
2133
6806
7082
2519
2002
1701
1674
6662
1986
6658
1576
1638
7046
6635
6954
2434
2075
1629
2081
2356
2370
980
1622
2087
1005
2088
1614
6637
2105
2107
2335
2314
2466
2465
6784
1377
1672
1043
2456
2108
2451
1643
1027
2112
2445
2340
6766
7085
1555
1400
2257
1844
2239
2671
1835
6835
2240
6708
1445
6709
6687
1751
6685
895
1959
7134
1448
1969
7169
2682
2683
2706
1881
10
7194
2206
1861
6998
26
2704
32
28
7176
2694
2236
1411
2684
2238
1401
6939
900
923
2259
1796
7107
6870
7129
6979
6863
1760
909
7110
2142
7096
2548
2622
7095
2154
2446
5073
4815
4557
6308
2600
6967
5658
2149
6768
6149
3572
3965
2140
5721
5761
4965
4507
5260
7020
6444
5452
1991
5025
6220
5686
2661
6203
6164
6987
6945
4888
3538
1554
2200
5818
1603
6129
4846
6718
4879
6146
6175
6737
6985
3558
6714
3562
5812
6969
3570
6136
4772
6150
6957
6152
6956
6973
6978
6715
1979
6942
6826
3931
4096
4126
6821
4488
1770
3917
2744
1980
6816
6020
6879
4495
3896
1741
5917
1722
2000
3879
4545
5913
6825
4087
5842
6827
6848
1850
6841
3972
1908
5980
3955
1849
1923
3944
5988
4061
4064
5951
1946
5993
5994
6830
3933
6828
4065
1714
6805
4563
3847
6919
1653
2056
5871
4622
4632
4633
6094
3644
4646
6765
1639
5858
2065
1633
4649
4652
6758
1625
5848
4680
2047
2046
3791
6064
1699
1696
4578
6906
2019
1693
3819
3816
1685
2029
3794
3809
4587
6070
6786
4591
4600
1439
5880
5877
2215
7011
2226
2474
3045
5230
3041
6589
3037
5258
6367
5259
6370
6371
2498
936
6378
929
2523
2972
5300
2964
5617
2478
3049
6554
5228
5142
6322
5159
5180
6326
3116
5182
5192
7069
6334
7070
6991
5218
3092
3078
2462
6342
5224
5227
5616
927
7063
5576
6441
2646
5419
2825
7150
6452
2813
6458
5453
2805
6510
2798
2691
2693
5459
2765
2751
5513
5542
2640
2838
5614
5408
926
5309
5610
5315
2923
7086
2898
922
2566
5340
5341
5345
921
2874
5362
5590
2612
2852
2631
967
2459
3273
7016
4969
6675
3318
4970
4983
7014
4990
4992
7019
2265
5013
3286
1378
6315
6262
6263
3267
5716
3328
5969
1019
4930
1430
3452
7001
2231
3435
2241
1402
7008
3389
3334
6684
3367
5757
3353
4950
6224
4955
3346
3262
5968
3203
983
6631
2413
2385
6309
5118
5116
988
5693
5049
5692
2336
3177
3176
5110
3174
3171
7048
6616
7040
6310
2343
4617
5464
5135
1450
971
5549
6989
4044
4933
5486
1446
4634
5669
5788
891
5792
240
5438
973
37
36
5677
5560
4919
5664
5455
5038
5221
5754
5048
1564
5276
1029
5280
4559
5284
4553
6897
6895
5286
5288
4773
5289
5240
1007
5384
5891
5017
1396
989
5079
5317
5318
1558
5324
945
5886
5650
4686
5381
4638
2736
2511
3880
3118
2195
6319
6191
3807
6696
6066
2025
2227
3451
6198
3587
6051
3837
3838
6205
6045
3853
2856
6804
6686
2054
2162
2927
6151
6746
6747
2097
3024
3019
6578
3575
2469
2128
2085
6324
2513
2082
6108
2066
6331
6330
2539
3492
3108
2619
3836
2670
3910
6287
6468
3927
6473
3235
2392
2656
3316
1916
1978
6674
6518
6660
2408
5999
3347
6261
2832
6650
2815
2999
3531
3825
5712
5656
5010
4827
6647
3104
4757
6646
3516
6606
3044
6588
6725
1569
4803
7075
3569
3232
5822
4784
2129
5713
1011
939
2351
3086
2342
3508
5724
6299
948
6678
3148
1398
6230
4924
3158
5117
3329
4958
4869
5763
5762
3162
4001
5097
5115
3363
7003
5691
3145
4976
5072
1391
979
6243
952
2192
2290
1441
5783
2199
4993
4893
5087
2441
2436
5252
4953
2102
5353
6812
3903
3884
1742
5412
2850
2626
1726
6433
3881
5397
3872
5395
2618
6038
2616
1706
2599
4575
6952
2586
6815
6016
6867
1928
3989
6488
2732
2749
5490
2712
2758
1843
4060
3942
1782
1943
4079
4084
2811
4123
5437
6450
4160
1977
6794
2008
2537
1641
6547
3653
3642
6787
6555
3635
6103
2965
2989
6935
4660
6113
6114
5627
6755
4687
2096
4701
6586
3597
7077
3655
3263
3658
1658
2553
1665
6778
4619
2891
2900
6543
2545
2905
4613
2887
2543
5635
5366
2471
6534
5710
3146
2713
5532
2472
5651
3258
3150
2793
2862
6337
6624
981
6408
975
2935
2826
2584
5533
6010
6823
5821
3314
1677
6138
1973
1609
5003
2023
4707
6788
5769
6752
1695
4902
1417
6168
1725
1721
1632
2797
949
4602
2013
2524
3858
3637
3640
4556
2861
3852
3850
2063
1642
5307
3747
918
2030
3751
4612
5357
2060
2875
1657
2053
3795
2886
3800
4547
1662
3252
4522
3875
2776
5476
2766
3952
1902
3982
4029
5497
1855
25
2718
13
5519
2730
4025
3986
5523
4020
5470
1933
4529
3932
5399
2980
1739
5411
1997
2634
1747
3904
3915
2822
4128
2817
4122
2814
4115
2665
4114
2973
2512
2988
2225
3324
2262
5098
5099
3352
2431
5111
2255
2251
4932
3390
4928
3403
3155
2246
1415
5137
4972
2405
2401
2303
5030
2318
2317
3291
3299
2353
5012
3307
1397
3222
5005
2372
3202
3312
2276
3186
1423
3478
2073
3484
2483
4763
3030
3581
5248
3583
1600
1604
4709
3603
5263
930
1618
5032
3003
4657
3617
5236
2119
3574
2155
950
4883
3117
2158
3496
1447
3514
2135
4787
947
4802
1556
5223
3553
3065
2468
3998
0
5595
7010
6456
6893
6455
7000
5766
5670
5844
6651
6050
6431
6422
6411
5717
6498
6526
6981
6153
6207
5558
5682
6947
6219
6941
6679
6508
6267
5733
6920
6264
6061
5850
5758
6155
6884
6404
6836
5805
6325
5615
5803
6013
7126
5946
5807
6344
6819
5540
6012
6100
6007
6538
7072
6583
6111
5623
7044
6565
6573
6582
7064
6497
5597
5944
5703
3488
3633
5912
3495
6209
3541
4105
2349
5066
3338
2411
7142
2909
6434
4675
5764
7136
3967
5798
6232
4858
5132
6566
4490
5817
2970
3596
7047
3099
1935
6307
4777
4783
6393
3027
935
2450
3645
4070
5041
6869
4543
2070
6961
6962
1661
4572
2041
6971
3486
6271
1774
1422
2329
1729
2193
6676
6065
2203
6098
6632
3753
6091
2216
2261
5709
6022
2196
3787
5607
5172
6436
2418
2991
2794
6460
6437
6410
6406
2910
6379
2721
6316
3134
3123
3064
5170
3091
3337
5636
6615
3566
5308
3631
6104
5620
2522
2535
6144
2660
2598
5689
6177
5262
3941
2644
6195
2190
4531
4107
4470
4138
1408
1869
1892
4113
4704
1911
1429
1921
4099
4081
4712
1950
1952
5825
1808
1800
6807
4515
5465
4949
4938
5906
1684
6907
5989
1727
1798
6883
4512
5924
4650
1777
1465
4484
6813
1927
956
6740
3979
5509
2125
3980
2093
5371
7115
7043
4847
1015
2127
5731
5514
4808
5502
4765
2103
5806
6332
3111
3288
5130
5854
3300
3188
3304
3306
4935
3321
5797
3322
4631
5867
3345
4942
5795
6221
5869
4881
3356
3308
3220
6320
3179
5824
4918
6291
5767
6288
5146
5145
6294
4768
3183
3182
4614
3181
5144
5674
6297
3206
3161
5667
5771
3215
4669
4774
4906
4929
4759
5139
5847
4944
3928
3361
5002
3818
3997
4998
3812
5967
4010
5707
5966
5965
5053
4024
3780
5055
5056
4991
3834
3976
5704
5978
3945
3921
3949
6017
3950
3954
3908
3957
3905
3900
6032
5031
6046
5714
6052
3750
5739
3365
3559
5094
6174
4962
5914
4554
3477
3461
4562
4576
3407
5893
4589
5872
6210
5685
4509
3561
4047
5932
4075
4077
3624
3623
6106
4120
4165
5074
3609
3591
6130
4476
4478
5080
6139
3095
6475
3094
6597
6724
2134
5593
5368
2111
5373
2109
2101
2078
5379
2074
2071
2055
2044
2036
6780
6795
6800
2010
2001
1987
6818
1968
2144
5360
2145
2299
6620
2402
2380
5321
5606
2359
6643
6644
2331
2326
6670
2151
2291
2273
5337
2258
2253
5343
6695
2213
2211
2157
1949
1947
1945
5547
5487
6996
5551
1399
7012
7013
1388
7026
1021
1013
960
6976
7068
5520
938
7084
7164
7183
19
17
7192
9
1467
5472
5407
1715
5575
1894
6854
1847
1797
5571
1795
5432
1763
1716
5566
6949
1691
1678
1669
6916
1656
1647
1644
1601
5463
1593
6611
2220
5630
6467
5211
6427
2859
2700
2885
2664
5631
2917
2703
5264
2628
6525
6528
5269
5270
2971
5250
2715
6384
5233
6464
2780
2762
6463
2803
2748
2804
2741
2720
2731
5237
2475
6494
2837
2722
5243
6389
2788
3048
2575
5298
2563
2561
6563
6348
6542
5618
2485
2507
2590
3004
2476
2594
3066
2608
5503
5711
6439
6948
6448
3021
6940
6362
1023
4599
4593
4816
6931
5865
3050
5887
3242
3062
4569
6335
3257
4890
1568
943
6377
7017
6391
4770
2939
3163
992
970
3000
3187
4676
4781
2906
4782
6993
6992
4661
1434
4658
1466
966
6970
3002
4798
7037
1575
3626
3323
1703
2569
3922
6530
6171
3506
2156
6158
2197
2205
3090
3878
3844
6689
3840
2574
3579
5983
3823
6133
2517
6561
6562
6072
3793
2367
6630
6592
2382
2407
2414
2437
6729
3474
1713
4076
5919
6891
6880
2750
1766
1794
2745
1833
1856
6843
1904
2726
2723
3342
1955
2638
2719
2006
3388
2024
3999
2026
3984
3392
3394
2696
2692
6506
3975
3971
4882
3608
5446
4952
5109
5006
5727
5037
5195
5583
4989
5605
5249
5338
5577
4943
5429
5294
5662
5007
3960
3961
5206
6414
5009
2892
3963
2893
6412
5008
2899
2895
6727
5205
3946
2913
3937
3938
5018
5726
5016
2908
2901
2907
5015
5203
5204
3953
6407
5975
3987
3977
2889
4013
4994
4017
6424
6425
5964
6426
2860
5963
5962
5660
5961
6955
6432
6951
4011
4009
4008
6968
5734
2888
2883
2916
5475
3993
6963
4007
4000
5473
4003
4004
4005
5471
2915
3925
2918
3842
5196
3845
3846
3848
3849
3855
3856
5197
6042
2956
6394
3865
3866
3867
3868
6390
3841
3930
5039
5047
3813
2982
6386
3817
5045
2979
3820
5044
2976
6057
6056
6055
3832
2969
2950
6037
3874
2945
3913
3914
2925
3916
2924
3918
6011
2922
5021
2921
2920
5657
3926
5020
5019
6019
5723
3906
3888
6401
6035
6031
6030
3886
5198
3890
6025
3892
3895
3897
3898
3901
6026
1583
4040
2849
6492
1666
1667
1668
5235
2740
2735
6910
5644
1584
1679
1682
1683
5450
2725
2724
5642
1664
6915
5232
5564
6929
4145
6928
6927
6926
5458
5536
2767
6476
1652
2759
6479
5454
6483
5231
5241
5640
6495
5254
5443
1718
2676
2675
5567
1723
1724
6890
6889
6513
1733
2662
1738
2657
1745
5256
5445
2717
2686
2716
2714
1690
2710
5449
5448
5639
2705
2701
5251
2699
5637
6501
1705
2689
1637
1636
1634
5950
1597
6442
4069
6443
4072
2829
4987
1602
6445
6446
5949
5741
2820
2819
1610
4066
5952
6454
1596
5708
4041
1586
1587
5959
5958
4049
5468
2839
6438
5655
4059
5955
5953
4062
1612
4091
2779
6465
4118
2796
1623
5941
4124
4125
2792
4127
6934
1627
2785
2784
5559
2782
5229
4117
5225
4093
1620
5220
5675
5742
6457
1615
4982
6459
4104
5653
5652
4108
2802
4110
2801
4112
2983
3801
2985
3497
5095
6296
3491
6298
6172
5093
3175
3498
3441
6300
3502
6304
3167
3165
3510
3164
5688
6176
3184
5100
6200
3447
3448
5668
3453
6290
3198
5102
3196
3464
3195
6185
5101
6182
3476
6306
6726
3159
6154
3139
6147
3137
3136
5085
3560
5084
6142
3563
6141
3128
5082
3126
3576
5164
3551
5088
3518
3545
3519
3520
3523
3527
3153
3152
3532
3533
3149
3536
3147
5090
6314
3543
6157
6285
5141
6385
5119
3327
3330
3331
3332
3336
3277
3341
3343
3437
3344
5678
6226
6223
3351
5679
5680
3326
3325
6233
5676
3298
3303
5128
3297
3295
3294
6246
3293
6240
6239
6238
6235
3319
5131
3287
3355
5114
6217
5673
6211
3401
5106
3405
6276
5104
3241
3239
3238
3234
3233
3231
3226
3225
3221
5684
3386
3358
6269
3360
5683
3362
3364
3270
3366
5133
3368
3370
3374
3264
6213
3260
1280
3384
3578
3121
7027
942
3039
6359
7066
7067
7071
6982
5555
941
6132
6980
5522
937
6361
3033
932
931
6984
954
955
5517
985
5665
3055
5554
972
6351
6988
6352
5546
6354
6355
963
6986
6358
957
1451
1452
928
6085
890
5187
887
3779
6380
5190
3784
3785
6382
6080
3792
5705
3799
2990
6517
893
5527
5524
6086
3029
1455
1457
3026
3746
3748
5058
5525
7117
5057
3754
7120
5480
1469
5526
986
5179
5178
3096
7002
5071
6102
3089
5068
3088
3087
1413
3628
7032
3085
3084
3083
1031
3634
1042
7007
3636
5494
3584
6131
5165
5550
6125
3595
5700
3110
3109
6329
5496
6121
1395
6333
3100
6101
7036
5177
1014
5506
5507
6995
3076
3075
5508
6994
5485
3070
6343
3068
3675
1426
1427
995
6340
5504
1028
7042
3641
1025
3643
6096
3646
5500
3648
3649
1022
5501
3079
6093
3654
3656
3657
6882
7029
6881
5902
6633
1983
1984
1985
2350
5325
6814
4607
6641
4609
5874
2346
2344
4945
4616
1976
2360
6822
2377
6627
5901
4568
6829
2381
5608
2376
1972
6628
4582
5400
5320
2650
1971
5326
4941
2341
5331
1996
5856
5855
5603
6809
6649
5585
4641
4655
4656
5849
6654
2319
6655
4642
5328
4621
4940
5866
4623
5327
2339
4626
2338
2337
4639
6645
4939
5863
6811
4636
4637
4564
1956
6656
2387
5935
1909
5931
6613
4496
1913
2433
4499
1914
2430
2429
4504
4505
4506
2428
1907
4486
5413
2452
1898
4466
2454
4469
4974
4471
1900
5786
2449
2448
4477
4479
4481
5306
1920
1922
5923
4544
1938
6621
2404
2403
1940
1941
6831
2410
1948
4551
2391
1953
5905
5904
5314
4532
4966
5409
4513
4514
2423
1924
1925
1926
5310
4530
2416
5918
1931
4527
6618
1932
5760
4663
2457
2229
6702
2201
5377
2094
2095
5777
6706
2194
6707
5799
4823
2099
6710
2187
5592
5776
4801
4799
4905
4775
2067
6699
2069
6700
5773
5588
4796
2072
5810
5347
4793
4794
4795
2184
5375
5374
2152
5530
5367
4868
5596
6735
6720
15
31
7198
6731
6730
2147
4891
5787
29
2159
4840
6713
2173
2172
4844
4896
5778
6739
4853
2160
6736
2164
2163
6716
35
2124
6697
2230
2316
4766
6665
4684
4685
5843
6667
2300
4692
5333
4694
2296
4696
4698
2293
5334
2015
4682
2304
2305
4671
2315
5394
6803
2004
6663
2310
2005
2306
4673
4674
2007
4925
4677
2307
6799
2288
6796
4920
2249
2051
6773
6688
2243
5383
4917
2050
4758
6692
4761
6693
6769
5768
2250
2049
2283
2027
2282
5389
2279
6793
6673
2275
2272
6681
4723
2267
2264
2260
5385
2043
6607
1970
2580
2560
6849
6570
2605
6569
2629
5434
2559
5292
1828
1769
6852
6539
2552
2609
5279
2567
2495
5418
2630
1790
1872
2572
6581
6532
1764
5296
2633
6533
6523
6874
2458
5574
1860
2481
2533
1775
2538
2620
1851
6856
2534
6558
1771
6857
1848
1846
1842
6859
1779
2540
6559
2541
2614
2516
6560
2544
5621
1857
5290
6544
6541
2550
2623
1859
6540
2610
2581
6529
1757
1802
2649
2477
2583
5426
5417
2648
6593
6604
6596
1806
5303
2591
6844
6598
6599
5632
6535
1891
1805
6603
1890
5299
2587
2639
6864
1803
5428
5261
1041
1717
2169
6499
5274
2447
2503
2542
1571
2233
2831
2645
3372
3122
6701
2872
5004
23
6067
7093
5050
3097
3432
6321
6703
6591
2702
5222
3798
5297
6029
30
5580
5578
4037
1018
5285
1380
904
3379
2110
5134
5372
5626
5875
7114
2237
3250
5283
1339
1687
2040
1382
1799
1344
6760
1343
1340
6908
2035
1335
1783
1342
1337
1341
5382
1375
5591
5386
6914
1689
1781
1381
1336
1338
6761
1780
1801
2077
1349
1686
2058
2059
1680
1370
1334
1369
1368
1789
5451
1359
1360
1361
1791
1362
1356
2057
6770
1363
5565
1364
1670
1673
1365
1367
6771
1366
6772
1788
1355
5587
6763
1345
6909
1346
6762
1784
1374
2045
1347
6777
1373
6774
1348
1671
1371
6764
1785
1786
2062
1350
1351
2061
1352
1372
1353
1354
6865
1358
2086
1333
1283
6894
2114
1273
2115
1272
1758
6738
1271
1719
1720
1270
1269
1268
1756
6876
1762
2113
1274
6742
1282
6745
1281
1709
6744
6743
6741
1275
1711
1279
1278
1277
5370
1276
1753
5440
6877
1255
1258
1257
1256
2132
6885
5365
1744
5436
2136
1254
2137
5569
5594
2139
6887
1737
1267
5369
1266
1265
5439
1264
1263
1262
1261
6732
1260
1734
1735
1736
6878
1259
1708
1284
1332
1285
2084
1320
1319
1318
6756
1317
1316
2034
6754
1315
1314
1313
6750
5570
1312
1321
1322
1323
1328
5430
1692
5378
1331
1330
1329
1327
6757
1326
2079
1325
6868
6759
1324
1311
2091
1310
2098
6748
1294
1700
1293
1292
1767
1291
1296
1290
1704
1289
1288
1287
1286
1295
1297
1309
1772
1308
1307
1306
1305
1304
1303
1302
6749
1301
1300
1299
1694
1298
6903
7021
1549
1389
1521
1511
1510
1509
1508
1507
1506
5581
5403
5402
6850
6851
1954
1505
1504
1588
5406
1942
1868
1517
1520
1936
1519
1937
1518
1874
1516
1512
1582
1873
1939
1515
1514
1513
1503
5401
1502
1965
1962
1493
1492
1963
1964
1858
1966
1595
1491
1490
1489
1488
1967
1487
1494
1961
5469
1591
1501
1500
1499
1863
1957
1498
1958
1960
1497
1496
1592
5467
1495
5466
1578
1522
1390
1934
1560
1906
6965
1889
6840
1544
1543
5474
1542
1541
1888
1912
1540
1567
1539
1903
1545
5556
1552
1897
5416
1899
1550
1548
1551
1553
1546
1547
1901
6975
6974
6972
6842
1538
6839
6845
1526
1529
1929
1574
1528
6834
1527
1525
1878
6847
1524
1876
5557
1523
1875
1530
1531
1883
6837
6960
1882
6959
1537
1572
6846
6958
1879
1536
1880
1535
1534
1533
1532
1486
1485
1484
6824
1820
1819
1818
1817
1816
1815
1640
6802
1814
6997
2009
5392
1813
1812
6999
6930
1821
1822
1424
1830
1829
6936
1624
1827
1826
1825
1631
5553
1824
6933
1823
6932
1630
1645
5489
2011
1393
5563
5388
6918
5495
6917
1394
1392
7006
2028
5586
1804
2031
2032
2033
1403
7005
5423
2018
6801
1646
2014
5561
1648
1650
6798
1407
2020
6922
1655
5390
5456
7004
1428
1832
5484
6943
1472
1470
5477
6944
5573
1464
1463
1473
6977
1461
1460
1459
1458
1845
1982
1474
1607
1479
5420
1483
1482
6855
1481
1480
1478
1475
1853
1975
1477
6820
1476
5582
1605
5396
5483
1438
1994
1995
6862
1834
5422
1440
1436
1444
1435
1999
1433
1621
1432
1431
1442
1993
1608
1838
1453
6858
1611
6860
1613
6861
1837
1836
1989
1990
1616
1617
1619
1992
6938
5781
1252
451
399
400
401
402
403
404
405
406
407
408
409
410
411
412
413
398
397
396
387
381
382
383
384
385
386
388
395
389
390
391
392
393
394
414
415
416
442
436
437
438
439
440
441
443
434
444
445
446
447
448
449
435
433
417
424
418
419
420
421
422
423
425
432
426
427
428
429
430
431
380
379
378
333
327
328
329
330
331
332
334
325
335
336
337
338
339
340
326
324
342
315
309
310
311
312
313
314
316
323
317
318
319
320
321
322
341
343
377
369
363
364
365
366
367
368
370
361
371
372
373
374
375
376
362
360
344
351
345
346
347
348
349
350
352
359
353
354
355
356
357
358
450
452
307
453
545
546
547
548
549
550
551
552
554
555
556
557
558
559
560
544
543
542
533
527
528
529
530
531
532
534
541
535
536
537
538
539
540
561
562
563
589
583
584
585
586
587
588
590
581
591
592
593
594
595
596
582
580
564
571
565
566
567
568
569
570
572
579
573
574
575
576
577
578
526
525
524
478
472
473
474
475
476
477
479
470
480
481
482
483
484
485
471
469
487
460
454
455
456
457
458
459
461
468
462
463
464
465
466
467
486
488
523
515
509
510
511
512
513
514
516
507
517
518
519
520
521
522
508
506
7152
497
490
492
493
494
495
496
498
505
499
500
501
502
503
504
308
306
1251
160
107
108
109
110
111
112
113
114
115
116
117
118
119
120
121
106
105
104
95
89
90
91
92
93
94
96
103
97
98
99
100
101
102
122
123
124
151
145
146
147
148
149
150
152
143
153
154
155
156
157
158
144
142
125
132
126
127
128
129
130
131
133
141
134
135
136
137
139
140
88
87
86
41
7167
5529
7163
38
39
40
42
7174
43
44
45
46
47
48
7171
7180
50
8
7213
7207
7202
4
6
7201
5535
7186
11
16
5539
5531
21
24
49
51
85
77
71
72
73
74
75
76
78
69
79
80
81
82
83
84
70
68
52
59
53
54
55
56
57
58
60
67
61
62
63
64
65
66
159
161
305
162
254
255
256
257
258
259
260
261
262
263
264
265
266
267
268
253
252
251
242
235
236
237
238
239
241
243
250
244
245
246
247
248
249
269
270
271
7161
291
292
293
294
295
296
298
289
299
300
301
302
303
304
290
288
272
279
273
274
275
276
277
278
280
287
281
282
283
284
285
286
234
233
232
187
181
182
183
184
185
186
188
179
189
190
191
192
193
194
180
178
196
169
163
164
165
166
167
168
170
177
171
172
173
174
175
176
195
197
231
223
217
218
219
220
221
222
224
215
225
226
227
228
229
230
216
214
198
205
199
200
201
202
203
204
206
213
207
208
209
210
211
212
597
598
599
1106
1054
1055
1056
1057
1058
1059
1060
1061
1062
1063
1064
1065
1066
1067
1068
1053
1052
1051
1040
7034
7033
7031
1037
1038
1039
7030
1050
1044
1045
1046
1047
1048
1049
1069
1070
1071
1097
1091
1092
1093
1094
1095
1096
1098
1089
1099
1100
1101
1102
1103
1104
1090
1088
1072
1079
1073
1074
1075
1076
1077
1078
1080
1087
1081
1082
1083
1084
1085
1086
1032
7035
1026
5544
7083
7081
7080
933
5541
7076
5545
924
951
7065
953
958
959
961
925
7089
964
7121
898
899
7132
903
7124
7123
913
7091
914
7105
917
7094
919
920
962
965
1024
1002
996
997
998
999
1000
1001
1003
7050
1004
7045
1009
1010
5505
7038
991
7051
5512
7058
969
5511
7062
7061
7060
7059
7057
987
7056
7055
7054
7053
982
7052
1105
1107
600
1108
1200
1201
1202
1203
1204
1205
1206
1207
1208
1209
1210
1211
1212
1213
1214
1199
1198
1197
1188
1182
1183
1184
1185
1186
1187
1189
1196
1190
1191
1192
1193
1194
1195
1215
1216
1217
1243
1237
1238
1239
1240
1241
1242
1244
1235
1245
1246
1247
1248
1249
1250
1236
1234
1218
1225
1219
1220
1221
1222
1223
1224
1226
1233
1227
1228
1229
1230
1231
1232
1181
1180
1179
1134
1128
1129
1130
1131
1132
1133
1135
1126
1136
1137
1138
1139
1140
1141
1127
1125
1143
1116
1109
1110
1111
1112
1114
1115
1117
1124
1118
1119
1120
1121
1122
1123
1142
1144
1178
1170
1164
1165
1166
1167
1168
1169
1171
1162
1172
1173
1174
1175
1176
1177
1163
1161
1145
1152
1146
1147
1148
1149
1150
1151
1153
1160
1154
1155
1156
1157
1158
1159
897
894
5528
889
691
692
693
694
695
696
697
698
699
700
701
702
703
704
705
690
689
688
679
673
674
675
676
677
678
680
687
681
682
683
684
685
686
706
707
708
734
728
729
730
731
732
733
735
726
736
737
738
739
740
741
727
725
709
716
710
711
712
713
714
715
717
724
718
719
720
721
722
723
672
671
670
625
619
620
621
622
623
624
626
617
627
628
629
630
631
632
618
616
634
607
601
602
603
604
605
606
608
615
609
610
611
612
613
614
633
635
669
661
655
656
657
658
659
660
662
653
663
664
665
666
667
668
654
652
636
643
637
638
639
640
641
642
644
651
645
646
647
648
649
650
742
743
744
842
836
837
838
839
840
841
843
834
844
845
846
847
848
849
835
833
851
824
818
819
820
821
822
823
825
832
826
827
828
829
830
831
850
852
816
878
872
873
874
875
876
877
879
870
880
881
882
883
884
885
871
869
853
860
854
855
856
857
858
859
861
868
862
863
864
865
866
867
817
815
745
770
764
765
766
767
768
769
771
762
772
773
774
775
776
777
763
761
779
752
746
747
748
749
750
751
753
760
754
755
756
757
758
759
778
780
814
806
800
801
802
803
804
805
807
798
808
809
810
811
812
813
799
797
781
788
782
783
784
785
786
787
789
796
790
791
792
793
794
795
1113
2444
3585
4997
4031
4028
4027
5738
4023
4022
5737
4019
4015
4012
5736
4996
5970
4034
3996
5971
3991
5972
5973
5000
5974
3981
3978
5976
5977
3966
5960
4035
3959
4986
4102
4101
4100
4097
4092
4089
4088
5948
4082
4080
4078
5740
4068
4039
4063
4058
5956
5957
4055
4054
4053
4052
4051
4050
4046
4042
3964
5981
6071
3843
3870
6041
3864
3863
3862
3861
3859
3857
6044
5718
6047
5715
3839
3873
5040
3835
5042
3833
3831
6054
6058
3822
3821
6060
3815
5046
3871
6036
3951
6023
5014
5986
5987
3940
3939
5995
5996
6005
6006
6008
5022
3911
5027
3876
5028
3902
3899
6027
3894
3893
6028
3885
5720
6033
5719
3877
4103
4106
4979
4200
4212
4211
4210
4209
4208
4207
4206
4205
4204
4203
4202
4201
4199
4214
4198
4197
4196
4195
4194
4193
4192
4191
4190
4189
4188
4187
4213
4215
4978
4230
4242
4241
4240
4239
4238
4237
4236
4235
4234
4233
4232
4231
4229
4216
4228
4227
4226
4225
4224
4223
4222
4221
4220
4219
4218
4217
4186
4185
4184
4139
4152
4151
4150
4149
4148
4147
4146
4144
4143
4142
4141
4140
4137
4183
4136
4135
4134
4133
4132
4131
4130
4129
5939
5940
4116
5943
4153
4154
4155
4156
4182
4181
4180
4179
4178
4177
4176
4175
4174
4173
4172
4171
4170
4169
4168
4167
4166
4975
4164
4163
4162
4161
4159
4158
4157
3811
3806
4244
3568
3598
6127
3589
6128
5078
2143
3582
6134
3577
6135
3573
6140
5083
3600
3565
3564
5086
3556
5695
6156
3542
3540
3539
3537
3534
6162
3599
6119
6165
5067
5059
3652
3650
5061
5062
3639
5063
5064
3632
5065
3629
3627
3625
3604
5069
5702
3615
3614
6109
6110
5701
5075
6115
3607
6117
3605
3529
6166
3804
3440
6187
3462
6189
3457
3456
6192
3454
6194
3450
3449
3445
6197
3438
3466
3436
3434
3433
3430
3429
3428
3427
3426
3425
3424
3423
3422
3465
3468
3525
3505
3524
3522
3521
3517
3515
6169
3513
3512
3511
6170
3507
5091
3501
6184
3500
5690
6173
3490
3487
5687
3483
6180
6181
3473
3472
6183
6089
3659
3660
3735
6087
3749
3745
3744
3743
3742
3741
3740
3739
3738
3737
3736
3734
3755
3733
3732
3731
3730
3729
3728
3727
3726
3725
3724
3723
3722
3752
3756
3661
3773
6074
3797
6075
6078
3790
6081
3781
5054
3777
3776
3775
3774
3772
3757
3771
3770
3769
3767
3766
3765
3764
3762
3761
3760
3759
3758
3721
3720
3719
3676
3688
3687
3686
3685
3684
3683
3682
3681
3680
3679
3678
3677
3674
3718
3673
3672
3671
3670
3669
3668
3667
3666
3665
3664
3663
3662
3689
3690
3691
3692
3717
3716
3715
3714
3713
3712
3711
3710
3709
3708
3707
3706
3705
3704
3703
3702
3701
3700
3699
3698
3697
3696
3695
3694
3693
4243
4245
3420
4640
4665
4664
4662
4931
4659
5851
5853
4936
4937
5860
4645
4643
5861
4927
4635
5862
5864
4629
4627
4625
4624
4620
5868
4615
5870
4608
4666
4672
4601
4706
4720
4718
4717
5835
4715
4714
4713
4711
4710
5836
4708
5837
4705
4679
4703
5838
4700
4699
5839
4695
4693
5840
5841
4923
5845
5846
5881
5884
5925
5915
4957
4555
5751
5907
5908
5910
4548
5750
4960
4961
4539
4538
4533
4560
4963
5916
4528
4526
4524
4964
4521
5921
4519
4518
4516
4968
4558
5903
4947
4583
4598
4597
4596
4595
4594
4948
4592
4590
4588
4951
5894
4584
4581
4956
4580
5895
5896
5897
5753
5898
4574
4573
4571
4570
5752
4566
4721
4722
5833
4833
5779
4849
4848
4843
4842
4841
4839
4838
4837
4836
4835
4834
4832
4854
4831
4830
4829
4828
4897
4825
4824
4820
5802
4899
4814
4812
4852
4855
4725
4873
4887
4886
4884
5790
4892
4880
5791
4878
4877
4876
4875
4874
4872
4856
4871
4870
5793
5794
4865
4864
4863
4862
4861
4860
4859
4857
4811
4810
4809
4740
4753
5827
4750
4749
4748
4747
5828
4745
4744
4743
4742
4741
4739
4900
4738
5829
5830
5831
4734
4733
4731
4730
4729
4728
4727
4726
4754
4755
4916
4760
4807
5804
5775
4903
5774
5808
4792
5809
4789
5811
5813
5814
4908
4780
4778
5815
5772
5816
4912
5770
4769
4914
4767
4764
5819
4508
4503
4246
4320
4332
4331
4330
4329
4328
4327
4326
4325
4324
4323
4322
4321
4319
4334
4318
4317
4316
4315
4314
4313
4312
4311
4310
4309
4308
4307
4333
4335
4305
4350
4362
4361
4360
4359
4358
4357
4356
4355
4354
4353
4352
4351
4349
4336
4348
4347
4346
4345
4344
4343
4342
4341
4340
4339
4338
4337
4306
4304
4498
4260
4272
4271
4270
4269
4268
4267
4266
4265
4264
4263
4262
4261
4259
4274
4258
4257
4256
4255
4254
4253
4252
4251
4250
4249
4248
4247
4273
4275
4303
4290
4302
4301
4300
4299
4298
4297
4296
4295
4294
4293
4292
4291
4289
4276
4288
4287
4286
4285
4284
4283
4282
4281
4280
4279
4278
4277
4363
4364
4365
4439
5937
4450
4449
4448
4447
4446
4445
4444
4443
4442
4441
4440
4438
4453
4437
4436
4435
4434
4433
4432
4431
4430
4429
4428
4427
4426
4452
4454
4366
4473
4497
5927
5930
5745
5936
4487
4483
4482
5744
4973
4475
4474
4472
4455
4468
4467
4465
4464
4463
4462
4461
4460
4459
4458
4457
4456
4425
4424
4423
4380
4392
4391
4390
4389
4388
4387
4386
4385
4384
4383
4382
4381
4379
4422
4378
4377
4376
4375
4374
4373
4372
4371
4370
4369
4368
4367
4393
4394
4395
4396
4421
4420
4419
4418
4417
4416
4415
4414
4413
4412
4411
4410
4409
4408
4407
4406
4405
4404
4403
4402
4401
4400
4399
4398
4397
3421
5537
3419
2688
2738
6490
6491
2734
6493
5643
2727
5239
5244
5245
5246
6496
5247
2711
2709
2708
2707
2698
6500
5253
6504
2739
2742
2743
2763
2783
2781
2778
2777
2775
2772
2771
2770
6477
5645
6489
6478
2757
2755
6482
2753
2752
6484
6485
5234
2690
6505
2582
2679
6524
5628
5266
2624
5267
2613
5271
2611
5272
2607
6531
2602
2601
5273
2596
2595
2593
2592
5275
2589
2588
2632
2635
2636
6514
2678
2677
2674
2673
2672
6511
6512
2668
2666
2663
6521
2659
6516
2655
2654
2653
2651
2647
6519
2642
6470
5646
2789
2790
2961
2960
2959
2958
6395
2952
6396
2949
2946
6399
2942
2941
2940
2938
2937
2936
6403
2934
2933
2930
5199
2963
2966
2967
2992
3009
3007
3005
3001
6383
2997
2996
2994
2993
2987
2968
2986
2984
2978
2977
6387
2974
6388
5193
5194
6405
2919
2914
2818
6435
5659
2846
2845
2844
2841
2833
2828
6449
6451
5212
2816
2812
2810
2808
2807
5649
5648
3418
2791
5213
6429
2912
2881
5202
2904
2897
2890
6416
6417
5207
6418
2882
2880
5209
2879
2878
6419
6420
6421
2870
2869
2866
6423
6536
2579
5186
5342
6672
2287
2286
2284
2281
2280
2278
5335
2271
2268
6677
2263
6680
5601
2256
6682
5600
2252
6683
2248
2247
2292
2294
6671
6642
2361
5604
2358
2357
6636
2354
6638
2352
6639
6648
5602
2334
2333
5329
2328
6652
6661
2309
2308
6668
2245
2234
2578
2232
2179
2178
2177
2176
2175
2171
2170
2166
2165
2161
6717
5356
6719
6721
5358
6722
6723
2148
2146
5359
5361
2180
2181
2182
2207
5344
2222
2218
2217
5346
2212
5348
2210
2209
5349
2183
5350
6704
5351
5352
5598
5355
2189
2186
2185
2362
2363
2365
2366
2526
2525
2521
2520
2518
2514
5619
2506
2505
5293
6568
2501
2494
6579
6584
2480
2479
5301
5302
6595
2470
6556
2528
6553
2562
2576
5277
2573
2571
2570
2568
6537
2564
5624
2558
2530
2556
2555
2549
2547
6545
6546
6549
6552
2531
6601
6602
2463
2394
5313
2406
5609
6622
2400
2399
2398
2396
2395
2390
2415
2389
2388
2386
5316
2379
2375
2373
2371
5319
2412
2417
2461
2438
2460
2455
5613
6610
2443
2442
6612
2440
2439
5612
2419
6614
2432
2427
2426
2425
2424
2422
2421
6617
3010
6469
3382
3115
3376
3119
3377
6323
6258
6328
6257
3381
3380
6256
3114
6255
3113
3112
3129
3130
3131
3133
5162
3375
6259
3140
6260
6318
3142
3268
6317
3373
5161
6313
6237
5166
3106
6268
3080
3397
5107
3284
3399
6252
3400
6208
3105
3077
3074
6227
3404
6251
3071
3396
3082
6339
5108
3391
6212
6253
3282
3093
5173
3281
6336
5120
3383
5169
3279
3103
3266
3151
3067
3211
3223
6282
6214
6283
6284
3213
3210
6270
5671
3209
6286
3207
3205
3204
5112
6216
3227
3228
6225
6281
3359
6280
6218
6279
6222
6278
3240
5138
3349
3246
3247
5147
3201
3154
3166
5156
3256
3173
3261
6301
3170
5157
3200
5158
3160
3369
5666
3340
6311
5155
6295
5154
5153
5152
3255
5151
5150
5149
3189
3190
3191
3192
5148
3197
3199
6376
6228
6274
3302
3015
3416
3415
3317
6250
6248
3053
3052
3411
6242
6249
3292
3333
3023
3412
6356
3056
6234
3017
3414
3296
3413
3408
6349
5663
5185
5122
3020
5181
6368
3018
3054
5184
6346
6360
3315
3409
3060
3043
3410
3063
6373
6372
3032
3289
6347
3059
3417
4048
5568
6515
6767
4668
3887
2289
2658
2948
6366
5391
4043
6312
5538
4779
1792
3254
4002
2597
5336
2038
2637
6866
1905
4536
7200
4535
4534
5435
3305
2266
1915
2627
1768
2641
5127
2955
2625
1910
2224
3172
3504
6392
5183
4786
6527
5268
6640
3503
4540
4541
4030
5922
4866
5765
3647
6571
5499
1865
5189
5728
1471
5291
5984
2510
5096
6605
1854
4702
1852
5188
3619
6557
3006
4922
4971
1887
1886
3630
3943
3499
2254
6587
3236
5295
3638
6577
6574
7039
6657
3193
2577
4921
6167
5479
3990
3371
6691
5029
5191
990
2235
1810
1807
4678
4771
6669
5281
6653
3968
5725
5140
3618
2453
2244
3217
3969
5732
1008
6608
2995
4500
5339
6107
993
5518
2947
1635
4109
1405
6471
2202
6338
5121
2902
5226
2100
3393
5174
6937
4119
2104
3571
5105
5171
3081
5885
5698
1732
1651
5696
2393
2764
902
1974
1951
6924
6751
7162
4981
2774
5201
6143
5103
5200
2847
2117
6950
1420
1579
2374
6059
3802
6073
3073
2865
5756
5208
6202
6966
7182
1585
6079
4845
3789
2821
5942
1606
6413
5461
6447
2827
4850
2378
5052
2123
2840
5780
2842
2843
138
6254
6902
6905
6896
2687
6122
7074
1443
6898
5694
6833
4565
6899
6900
5312
6901
5167
4804
2685
3135
4067
5759
1731
6983
2669
3431
5176
5441
7151
4934
4552
6892
3042
3854
3138
2680
6904
2219
2208
2746
6088
4090
2926
4813
5832
5947
1384
6912
7148
4095
4085
2928
5834
6789
2929
4954
2728
7023
7190
5498
6148
6817
5699
2409
6229
4073
4094
2369
4485
6105
5579
3567
2325
2384
6797
1917
2345
4644
5311
5746
6159
5748
5363
3860
2191
6428
3480
2615
6043
2228
2603
5219
6341
6694
2120
2876
1809
5516
2557
6365
3036
5168
4016
4111
5282
5735
4006
6990
4086
4083
5730
2729
2932
6277
4805
5163
4480
2130
1660
4603
5493
1981
5398
1383
6913
4098
20
2083
4630
6623
2204
4977
4988
1456
5938
1454
6474
896
892
6190
2122
3778
2877
3805
1599
6946
3509
3469
2076
3127
2327
6873
1761
2695
968
5433
2012
4785
1793
3983
984
6690
2554
4501
6659
5622
2508
3923
3935
6600
6875
6305
3156
3602
4074
3132
1710
2681
7073
946
3988
3851
2270
6266
4542
6888
5633
4071
2131
2037
3549
3985
5124
3995
3889
6241
6247
5023
6369
3962
3994
5024
3970
5
4667
1649
7187
1831
5599
3157
1919
6871
1773
3253
3249
5410
7049
5823
3219
3651
5415
6776
4121
3143
3339
1893
4611
6953
5217
6626
4826
1707
5393
6923
4818
4817
916
6126
2039
2277
2042
2089
994
934
1425
5933
2487
888
886
4546
6097
3276
3783
5654
7041
1675
2836
5488
1841
1676
4018
3031
5990
5424
3958
3120
5492
1730
4651
4691
6886
7022
2621
2617
3107
7015
2697
2760
2761
4821
7009
2080
1410
2773
2868
3956
3907
3025
4036
3035
3040
6049
3830
3824
6711
2092
3442
2834
5460
6084
2799
2064
1409
5491
3387
6293
2003
2242
4606
5926
5611
1895
6265
6123
6832
1870
3493
5755
2496
3224
5920
6137
5876
5749
5510
3555
6808
3290
4688
2285
6178
3385
2126
6625
1437
1944
2118
3552
14
3439
2981
5425
5478
2848
5743
6964
3259
2435
4909
3395
5278
1778
2643
3229
1681
5826
7024
1871
3481
6275
5444
2604
2198
2585
1918
2931
1811
2911
6629
4670
4038
2871
6363
5126
5125
4032
6001
1416
3788
2769
2274
7018
2174
6196
2809
5175
3218
2536
1628
5462
4689
6698
6590
6161
6188
2330
2332
7079
1752
908
7028
4980
5257
2214
6112
